0.066926 -0.004250
2.476245 -1.510450
4.952490 -5.145880
7.428734 -9.769013
9.904979 -14.536573
12.381224 -18.998640
14.857469 -22.953175
17.333713 -26.309138
19.809958 -29.029924
22.286203 -31.131394
24.762448 -32.691222
27.238693 -33.845642
29.714937 -34.770732
32.191182 -35.655420
34.667427 -36.674087
37.143672 -37.963895
39.619917 -39.609303
42.096161 -41.634777
44.572406 -44.005832
47.048651 -46.637788
49.524896 -49.410777
52.001140 -52.188776
54.477385 -54.839897
56.953630 -57.255108
59.429875 -59.362831
61.906120 -61.137573
64.382364 -62.601621
66.858609 -63.819864
69.334854 -64.888741
71.811099 -65.921113
74.287343 -67.029365
76.763588 -68.309206
79.239833 -69.826461
81.716078 -71.608640
84.192323 -73.642330
86.668567 -75.876590
89.144812 -78.231679
91.621057 -80.611664
94.097302 -82.918990
96.573546 -85.068830
99.049791 -87.001153
101.526036 -88.688812
104.002281 -90.140615
106.478526 -91.399040
108.954770 -92.533109
111.431015 -93.627560
113.907260 -94.770014
116.383505 -96.038048
118.859750 -97.488073
121.335994 -99.147588
123.812239 -101.011873
126.288484 -103.045481
128.764729 -105.188212
131.240973 -107.364573
133.717218 -109.495276
136.193463 -111.509023
138.669708 -113.352853
141.145953 -114.999564
143.622197 -116.451180
146.098442 -117.738037
148.574687 -118.913723
151.050932 -120.046690
153.527176 -121.209858
156.003421 -122.469760
158.479666 -123.876854
160.955911 -125.458397
163.432156 -127.214874
165.908400 -129.120455
168.384645 -131.127328
170.860890 -133.173183
173.337135 -135.190715
175.813379 -137.117676
178.289624 -138.906000
180.765869 -140.528670
183.242114 -141.983350
185.718359 -143.292300
188.194603 -144.498663
190.670848 -145.659722
193.147093 -146.838180
195.623338 -148.092794
198.099583 -149.469736
