0.010000  -0.985123  -0.823127  2.354790
0.020000  -0.912132  -0.713858  1.314224
0.030000  -1.102873  0.546728  1.862441
0.040000  -1.004561  0.838120  1.685217
0.050000  0.631188  0.912245  1.853943
0.060000  2.369893  0.920074  1.887830
0.070000  2.750419  0.968003  1.912158
0.080000  2.696854  1.918649  1.961090
0.090000  2.842522  2.748117  2.157870
0.100000  2.869099  2.801047  2.648750
0.110000  2.783650  2.735830  2.397913
0.120000  2.734237  2.421890  1.748429
0.130000  2.820321  1.656922  1.475253
0.140000  2.653850  0.999274  1.270517
0.150000  1.678191  0.869777  1.090069
0.160000  0.225086  0.865584  0.927811
0.170000  -0.690103  0.731857  0.789605
0.180000  -0.923040  0.148813  0.653573
0.190000  -0.981925  -0.587875  0.406249
0.200000  -1.017058  -0.915987  0.049917
0.210000  -1.002158  -0.911813  -0.008360
0.220000  -0.986306  -0.669681  0.350069
0.230000  -0.992665  -0.092896  0.698672
0.240000  -0.828101  0.553699  0.894152
0.250000  -0.142909  0.884957  1.040168
0.260000  1.018086  0.960053  1.162492
0.270000  2.063456  1.096141  1.268996
0.280000  2.588735  1.522218  1.380484
0.290000  2.746600  2.138861  1.560795
0.300000  2.788169  2.586070  1.806401
0.310000  2.796349  2.711170  1.905097
0.320000  2.796688  2.552823  1.697136
0.330000  2.785513  2.112862  1.348389
0.340000  2.637016  1.533199  1.067940
0.350000  2.119941  1.102498  0.870470
0.360000  1.185923  0.909768  0.711748
0.370000  0.166933  0.758281  0.572925
0.380000  -0.538878  0.424760  0.431622
0.390000  -0.857916  -0.092384  0.247222
0.400000  -0.958908  -0.570188  0.020130
0.410000  -0.985780  -0.807855  -0.127149
0.420000  -0.994303  -0.755599  -0.055715
0.430000  -0.980812  -0.431225  0.195908
0.440000  -0.855318  0.064518  0.469195
0.450000  -0.451468  0.523257  0.679784
0.460000  0.308256  0.808676  0.837534
0.470000  1.244816  1.000946  0.968488
0.480000  2.035704  1.281451  1.096783
0.490000  2.503856  1.714840  1.252744
0.500000  2.703610  2.177456  1.439316
0.510000  2.769913  2.485232  1.581450
0.520000  2.790181  2.534293  1.569000
0.530000  2.780067  2.315472  1.382732
0.540000  2.677565  1.903096  1.118604
0.550000  2.357483  1.453366  0.875848
0.560000  1.735156  1.106870  0.683592
0.570000  0.898340  0.861886  0.526815
0.580000  0.087394  0.596370  0.380787
0.590000  -0.491436  0.222137  0.219564
0.600000  -0.801561  -0.210195  0.036899
0.610000  -0.930897  -0.556485  -0.120245
0.620000  -0.975548  -0.692851  -0.167272
0.630000  -0.974603  -0.576289  -0.061599
0.640000  -0.893477  -0.251083  0.150017
0.650000  -0.638162  0.163835  0.381528
0.660000  -0.126514  0.538249  0.580498
0.670000  0.609047  0.828495  0.742169
0.680000  1.399129  1.100259  0.885483
0.690000  2.046781  1.436824  1.033857
0.700000  2.458438  1.834715  1.196444
0.710000  2.665738  2.194640  1.344332
0.720000  2.750523  2.396392  1.413696
0.730000  2.767192  2.371880  1.355347
0.740000  2.707039  2.133872  1.182621
0.750000  2.503249  1.768994  0.958829
0.760000  2.081736  1.391802  0.743334
0.770000  1.441869  1.069321  0.559012
0.780000  0.696614  0.780858  0.398047
0.790000  0.016350  0.462861  0.241082
0.800000  -0.477438  0.094454  0.076949
0.810000  -0.766871  -0.264621  -0.077728
0.820000  -0.905621  -0.511414  -0.175677
0.830000  -0.950694  -0.565448  -0.169167
0.840000  -0.913944  -0.411788  -0.050864
0.850000  -0.753200  -0.106787  0.138844
0.860000  -0.406134  0.253676  0.344765
0.870000  0.146242  0.593277  0.532343
0.880000  0.833682  0.900204  0.696702
0.890000  1.517987  1.213403  0.850540
0.900000  2.070545  1.561134  1.005229
0.910000  2.436972  1.913199  1.152582
0.920000  2.638215  2.189226  1.258414
0.930000  2.722408  2.307660  1.280117
0.940000  2.713873  2.233041  1.198808
0.950000  2.591573  1.994158  1.035573
0.960000  2.307125  1.666267  0.835634
0.970000  1.833295  1.325602  0.638206
0.980000  1.209413  1.005418  0.459150
0.990000  0.542046  0.690492  0.294131
1.000000  -0.046287  0.356010  0.133809
1.010000  -0.478413  0.013386  -0.018978
1.020000  -0.744634  -0.279151  -0.140264
1.030000  -0.876613  -0.446829  -0.193964
1.040000  -0.902447  -0.441772  -0.155818
1.050000  -0.817244  -0.269476  -0.032270
1.060000  -0.587018  0.016007  0.143386
1.070000  -0.183244  0.344954  0.332874
1.080000  0.375888  0.671822  0.512758
1.090000  1.011843  0.991832  0.678845
1.100000  1.615561  1.320562  0.836495
1.110000  2.098889  1.656069  0.985482
1.120000  2.427214  1.958547  1.109509
1.130000  2.612383  2.164154  1.179172
1.140000  2.678799  2.219869  1.168811
1.150000  2.631791  2.113231  1.074641
1.160000  2.450500  1.878071  0.918389
1.170000  2.109541  1.573432  0.733727
1.180000  1.613801  1.249807  0.547889
1.190000  1.018674  0.927113  0.372407
1.200000  0.416556  0.601157  0.207044
1.210000  -0.102426  0.271393  0.051737
1.220000  -0.485822  -0.035767  -0.082533
1.230000  -0.725787  -0.268497  -0.172485
1.240000  -0.837746  -0.374141  -0.193478
1.250000  -0.831328  -0.327845  -0.135202
1.260000  -0.696140  -0.145547  -0.009379
1.270000  -0.412236  0.126629  0.156828
1.280000  0.022809  0.438882  0.335686
1.290000  0.571583  0.761206  0.510309
1.300000  1.158779  1.086681  0.675596
1.310000  1.698487  1.413740  0.830132
1.320000  2.127352  1.724353  0.966122
1.330000  2.420286  1.977712  1.065413
1.340000  2.580841  2.125021  1.105666
1.350000  2.617818  2.134080  1.072917
1.360000  2.527822  2.006123  0.970909
1.370000  2.296892  1.773753  0.819715
1.380000  1.919541  1.482025  0.645089
1.390000  1.420020  1.166334  0.467038
1.400000  0.857818  0.842996  0.295424
1.410000  0.310889  0.518196  0.134225
1.420000  -0.152478  0.205849  -0.010132
1.430000  -0.493642  -0.062112  -0.123408
1.440000  -0.703485  -0.242439  -0.186055
1.450000  -0.786129  -0.299657  -0.182532
1.460000  -0.741525  -0.223801  -0.110649
1.470000  -0.560922  -0.034615  0.016299
1.480000  -0.238448  0.230177  0.176119
1.490000  0.210698  0.533808  0.347779
1.500000  0.740652  0.853045  0.517737
1.510000  1.283240  1.176202  0.679027
1.520000  1.769895  1.490288  0.825186
1.530000  2.152498  1.769700  0.944620
1.540000  2.410056  1.977043  1.020510
1.550000  2.539581  2.076473  1.037111
1.560000  2.541038  2.050194  0.988130
1.570000  2.409296  1.906603  0.880902
1.580000  2.139415  1.674781  0.733247
1.590000  1.740773  1.389700  0.565511
1.600000  1.248119  1.078798  0.393594
1.610000  0.719435  0.758968  0.227324
1.620000  0.220254  0.444350  0.074136
1.630000  -0.195703  0.156656  -0.055855
1.640000  -0.497383  -0.071967  -0.148148
1.650000  -0.673592  -0.207109  -0.187593
1.660000  -0.721642  -0.226042  -0.165291
1.670000  -0.638045  -0.127781  -0.083668
1.680000  -0.419077  0.067517  0.044034
1.690000  -0.070574  0.328950  0.199403
1.700000  0.381379  0.627458  0.365504
1.710000  0.888490  0.941988  0.530161
1.720000  1.390353  1.256180  0.684479
1.730000  1.830978  1.550193  0.818858
1.740000  2.171587  1.796040  0.920530
1.750000  2.392782  1.961616  0.975292
1.760000  2.487363  2.021542  0.972769
1.770000  2.451520  1.967532  0.911556
1.780000  2.282291  1.811278  0.800528
1.790000  1.983385  1.578199  0.655376
1.800000  1.574339  1.296747  0.492897
1.810000  1.094785  0.990690  0.326876
1.820000  0.598906  0.678868  0.167768
1.830000  0.142317  0.380717  0.025352
1.840000  -0.230934  0.121299  -0.088705
1.850000  -0.494037  -0.069778  -0.161191
1.860000  -0.634253  -0.166101  -0.181032
1.870000  -0.645752  -0.154034  -0.143982
1.880000  -0.525458  -0.037746  -0.055012
1.890000  -0.275636  0.163506  0.073296
1.900000  0.089061  0.423636  0.225217
1.910000  0.536430  0.717715  0.386173
1.920000  1.018865  1.024759  0.544342
1.930000  1.483043  1.324842  0.689345
1.940000  1.881956  1.594685  0.810052
1.950000  2.182674  1.806927  0.894080
1.960000  2.366620  1.935149  0.930136
1.970000  2.424663  1.962031  0.911954
1.980000  2.352595  1.885393  0.841190
1.990000  2.151363  1.718235  0.727233
2.000000  1.831904  1.483046  0.584065
2.010000  1.420210  1.204435  0.426279
2.020000  0.957458  0.904822  0.266677
2.030000  0.493414  0.605005  0.116398
2.040000  0.076050  0.327387  -0.013518
2.050000  -0.257111  0.097556  -0.111266
2.060000  -0.481936  -0.058608  -0.165573
2.070000  -0.585199  -0.121414  -0.168796
2.080000  -0.560588  -0.083559  -0.119878
2.090000  -0.407490  0.047884  -0.025157
2.100000  -0.133847  0.254784  0.103547
2.110000  0.239506  0.514104  0.252300
2.120000  0.677380  0.802890  0.407806
2.130000  1.134297  1.099503  0.558207
2.140000  1.562919  1.381803  0.692262
2.150000  1.922694  1.625452  0.798472
2.160000  2.184632  1.805299  0.865662
2.170000  2.331080  1.900245  0.885267
2.180000  2.352835  1.899010  0.854077
2.190000  2.247298  1.803323  0.775652
2.200000  2.019754  1.626631  0.659449
2.210000  1.686711  1.389417  0.518213
2.220000  1.277932  1.114234  0.365227
2.230000  0.834289  0.823232  0.212871
2.240000  0.401284  0.538601  0.072726
2.250000  0.021036  0.283900  -0.043782
2.260000  -0.273552  0.083566  -0.125551
2.270000  -0.460472  -0.040533  -0.163399
2.280000  -0.527106  -0.074130  -0.152435
2.290000  -0.468389  -0.014327  -0.093783
2.300000  -0.287022  0.130117  0.005493
2.310000  0.004235  0.341949  0.134214
2.320000  0.380478  0.599886  0.279582
2.330000  0.805480  0.881775  0.428981
2.340000  1.236412  1.165327  0.570489
2.350000  1.630861  1.427428  0.692592
2.360000  1.953065  1.644223  0.784185
2.370000  2.177049  1.793473  0.835649
2.380000  2.286531  1.858723  0.840799
2.390000  2.273566  1.833192  0.798670
2.400000  2.138171  1.721182  0.714025
2.410000  1.889716  1.536321  0.596244
2.420000  1.548743  1.297897  0.457241
2.430000  1.146964  1.027472  0.309536
2.440000  0.723998  0.747276  0.165288
2.450000  0.321510  0.480162  0.036177
2.460000  -0.022943  0.249550  -0.066613
2.470000  -0.280018  0.077834  -0.133121
2.480000  -0.429789  -0.016957  -0.156156
2.490000  -0.461138  -0.024862  -0.132999
2.500000  -0.371229  0.053895  -0.066277
2.510000  -0.166218  0.209464  0.036535
2.520000  0.137320  0.425109  0.164723
2.530000  0.511983  0.680444  0.306189
2.540000  0.921662  0.953603  0.448718
2.550000  1.326254  1.221971  0.580465
2.560000  1.687400  1.462446  0.690114
2.570000  1.973114  1.652587  0.767407
2.580000  2.160067  1.773244  0.804360
2.590000  2.233839  1.811895  0.796790
2.600000  2.188570  1.765145  0.745393
2.610000  2.027262  1.639100  0.655729
2.620000  1.762796  1.447568  0.537090
2.630000  1.418496  1.209229  0.400854
2.640000  1.026822  0.945206  0.259072
2.650000  0.625707  0.677767  0.123677
2.660000  0.253443  0.429741  0.006133
2.670000  -0.056123  0.223558  -0.083032
2.680000  -0.276671  0.079170  -0.135185
2.690000  -0.390514  0.011132  -0.144928
2.700000  -0.388649  0.025983  -0.111244
2.710000  -0.270921  0.121190  -0.037835
2.720000  -0.046695  0.286077  0.067560
2.730000  0.264579  0.504108  0.194537
2.740000  0.634122  0.755310  0.331441
2.750000  1.026597  1.017967  0.466377
2.760000  1.404517  1.269562  0.587765
2.770000  1.732948  1.487723  0.684829
2.780000  1.983101  1.651926  0.748398
2.790000  2.134209  1.746017  0.772057
2.800000  2.174103  1.760769  0.753285
2.810000  2.099441  1.695407  0.694035
2.820000  1.916183  1.557407  0.600428
2.830000  1.640071  1.360842  0.481704
2.840000  1.296231  1.124142  0.348893
2.850000  0.917112  0.868202  0.213693
2.860000  0.538796  0.615118  0.087730
2.870000  0.196587  0.387133  -0.018015
2.880000  -0.078851  0.205164  -0.093914
2.890000  -0.263984  0.086624  -0.132698
2.900000  -0.343548  0.042996  -0.130536
2.910000  -0.311016  0.078060  -0.087763
2.920000  -0.169000  0.187486  -0.008882
2.930000  0.070333  0.359879  0.098170
2.940000  0.385461  0.578689  0.223186
2.950000  0.747006  0.824138  0.354839
2.960000  1.120765  1.074732  0.481570
2.970000  1.471712  1.308453  0.592246
2.980000  1.767919  1.504145  0.676862
2.990000  1.983488  1.643424  0.727423
3.000000  2.100240  1.712918  0.738963
3.010000  2.108503  1.706177  0.710340
3.020000  2.007599  1.624520  0.644484
3.030000  1.806205  1.476553  0.547945
3.040000  1.522304  1.276680  0.429940
3.050000  1.182090  1.043259  0.301248
3.060000  0.817522  0.796970  0.173236
3.070000  0.462787  0.559463  0.057099
3.080000  0.150480  0.351987  -0.036850
3.090000  -0.091610  0.193660  -0.100009
3.100000  -0.242646  0.099409  -0.126427
3.110000  -0.289929  0.078031  -0.113632
3.120000  -0.229542  0.131026  -0.063049
3.130000  -0.066755  0.252588  0.020192
3.140000  0.183935  0.430664  0.127991
3.150000  0.499580  0.648581  0.250282
3.160000  0.850739  0.886714  0.376033
3.170000  1.204540  1.123955  0.494085
3.180000  1.528283  1.339118  0.593908
3.190000  1.792786  1.512562  0.666394
3.200000  1.974896  1.628096  0.704738
3.210000  2.059056  1.674889  0.705281
3.220000  2.038204  1.648850  0.668035
3.230000  1.914274  1.553039  0.596711
3.240000  1.698334  1.397040  0.498205
3.250000  1.410051  1.195608  0.381724
3.260000  1.076147  0.967073  0.257822
3.270000  0.727786  0.731802  0.137502
3.280000  0.397259  0.510749  0.031419
3.290000  0.114635  0.323879  -0.050912
3.300000  -0.095002  0.188390  -0.101960
3.310000  -0.213484  0.116852  -0.117005
3.320000  -0.230731  0.115702  -0.094754
3.330000  -0.145425  0.184512  -0.037531
3.340000  0.034738  0.316221  0.049030
3.350000  0.293384  0.498169  0.156691
3.360000  0.606654  0.713549  0.275520
3.370000  0.945414  0.942945  0.394795
3.380000  1.278239  1.165823  0.503841
3.390000  1.574663  1.362085  0.592836
3.400000  1.808096  1.513766  0.653636
3.410000  1.958050  1.606829  0.680590
3.420000  2.011608  1.632744  0.671204
3.430000  1.964306  1.589459  0.626469
3.440000  1.820532  1.481521  0.550741
3.450000  1.593377  1.319371  0.451192
3.460000  1.303727  1.118093  0.337011
3.470000  0.978434  0.895940  0.218511
3.480000  0.647660  0.672830  0.106273
3.490000  0.341801  0.468798  0.010320
3.500000  0.088516  0.302355  -0.060700
3.510000  -0.089724  0.188747  -0.100324
3.520000  -0.177391  0.138347  -0.104970
3.530000  -0.167010  0.155504  -0.074367
3.540000  -0.059744  0.238128  -0.011592
3.550000  0.134575  0.378069  0.077304
3.560000  0.398102  0.562129  0.183987
3.570000  0.706475  0.773418  0.298675
3.580000  1.031132  0.992837  0.410999
3.590000  1.342176  1.200611  0.510844
3.600000  1.611314  1.377900  0.589169
3.610000  1.814462  1.508490  0.638813
3.620000  1.933745  1.580410  0.655214
3.630000  1.958853  1.587212  0.636922
3.640000  1.887829  1.528632  0.585765
3.650000  1.727285  1.410506  0.506633
3.660000  1.491987  1.244022  0.406918
3.670000  1.203650  1.044524  0.295759
3.680000  0.888945  0.830097  0.183192
3.690000  0.576887  0.620055  0.079312
3.700000  0.295979  0.433354  -0.006557
3.710000  0.071532  0.286946  -0.066670
3.720000  -0.076535  0.194159  -0.095595
3.730000  -0.135287  0.163331  -0.090790
3.740000  -0.099774  0.196952  -0.052879
3.750000  0.026541  0.291476  0.014423
3.760000  0.231992  0.437807  0.104728
3.770000  0.497624  0.622300  0.209647
3.780000  0.798893  0.828075  0.319588
3.790000  1.108017  1.036479  0.424590
3.800000  1.396680  1.228645  0.515159
3.810000  1.638736  1.387107  0.583075
3.820000  1.812549  1.497415  0.622151
3.830000  1.902803  1.549554  0.628841
3.840000  1.901722  1.538963  0.602626
3.850000  1.809700  1.466958  0.546055
3.860000  1.635324  1.340503  0.464462
3.870000  1.394701  1.171418  0.365404
3.880000  1.110052  0.975210  0.257922
3.890000  0.807632  0.769675  0.151726
3.900000  0.515192  0.573388  0.056371
3.910000  0.259329  0.404107  -0.019565
3.920000  0.063048  0.277180  -0.069241
3.930000  -0.056227  0.204082  -0.088213
3.940000  -0.088083  0.191272  -0.074882
3.950000  -0.029968  0.239573  -0.030656
3.960000  0.112576  0.344159  0.040206
3.970000  0.326339  0.495121  0.131051
3.980000  0.591574  0.678478  0.233487
3.990000  0.883819  0.877470  0.338161
4.000000  1.176223  1.074019  0.435573
4.010000  1.442113  1.250284  0.516894
4.020000  1.657470  1.390244  0.574745
4.030000  1.803059  1.481181  0.603879
4.040000  1.866055  1.514919  0.601695
4.050000  1.841100  1.488616  0.568503
4.060000  1.730759  1.404990  0.507474
4.070000  1.545327  1.271982  0.424309
4.080000  1.301957  1.101926  0.326667
4.090000  1.023102  0.910374  0.223439
4.100000  0.734404  0.714718  0.123960
4.110000  0.462260  0.532672  0.037197
4.120000  0.231347  0.380714  -0.029039
4.130000  0.062395  0.272589  -0.068803
4.140000  -0.029605  0.217995  -0.078577
4.150000  -0.036664  0.221660  -0.057619
4.160000  0.041536  0.282909  -0.008028
4.170000  0.197606  0.395794  0.065483
4.180000  0.417067  0.549725  0.156062
4.190000  0.679659  0.730503  0.255371
4.200000  0.961215  0.921607  0.354347
4.210000  1.235949  1.105651  0.443997
4.220000  1.478875  1.265910  0.516188
4.230000  1.668091  1.387832  0.564379
4.240000  1.786712  1.460387  0.584224
4.250000  1.824316  1.477120  0.573994
4.260000  1.777824  1.436749  0.534735
4.270000  1.651762  1.343238  0.470156
4.280000  1.457882  1.205364  0.386249
4.290000  1.214111  1.035847  0.290711
4.300000  0.942902  0.850170  0.192234
4.310000  0.669126  0.665199  0.099728
4.320000  0.417744  0.497695  0.021537
4.330000  0.211499  0.362811  -0.035304
4.340000  0.068884  0.272704  -0.065716
4.350000  0.002530  0.235391  -0.067051
4.360000  0.018126  0.254005  -0.039343
4.370000  0.113940  0.326524  0.014710
4.380000  0.280964  0.446025  0.090016
4.390000  0.503716  0.601371  0.179590
4.400000  0.761656  0.778264  0.275205
4.410000  1.031100  0.960541  0.368139
4.420000  1.287435  1.131606  0.449942
4.430000  1.507402  1.275914  0.513196
4.440000  1.671200  1.380382  0.552182
4.450000  1.764234  1.435606  0.563411
4.460000  1.778378  1.436733  0.545949
4.470000  1.712669  1.383899  0.501501
4.480000  1.573388  1.282169  0.434228
4.490000  1.373492  1.141016  0.350346
4.500000  1.131445  0.973422  0.257529
4.510000  0.869497  0.794682  0.164216
4.520000  0.611615  0.621033  0.078853
4.530000  0.381255  0.468210  0.009138
4.540000  0.199224  0.350017  -0.038669
4.550000  0.081816  0.277064  -0.060319
4.560000  0.039394  0.255782  -0.053973
4.570000  0.075492  0.287836  -0.020361
4.580000  0.186514  0.370005  0.037294
4.590000  0.362067  0.494527  0.113598
4.600000  0.585901  0.649849  0.201497
4.610000  0.837409  0.821696  0.292932
4.620000  1.093546  0.994369  0.379563
4.630000  1.330965  1.152144  0.453515
4.640000  1.528162  1.280693  0.508089
4.650000  1.667414  1.368389  0.538364
4.660000  1.736343  1.407378  0.541657
4.670000  1.728997  1.394298  0.517763
4.680000  1.646356  1.330565  0.468965
4.690000  1.496239  1.222203  0.399805
4.700000  1.292585  1.079254  0.316650
4.710000  1.054172  0.914834  0.227096
4.720000  0.802877  0.743938  0.139282
4.730000  0.561645  0.582088  0.061153
4.740000  0.352376  0.443938  -0.000251
4.750000  0.193941  0.341942  -0.039430
4.760000  0.100494  0.285215  -0.052929
4.770000  0.080233  0.278695  -0.039652
4.780000  0.134688  0.322708  -0.000956
4.790000  0.258600  0.412969  0.059489
4.800000  0.440408  0.541012  0.136054
4.810000  0.663312  0.694992  0.221681
4.820000  0.906825  0.860776  0.308527
4.830000  1.148676  1.023223  0.388674
4.840000  1.366861  1.167544  0.454842
4.850000  1.541650  1.280649  0.501044
4.860000  1.657361  1.352336  0.523133
4.870000  1.703746  1.376222  0.519177
4.880000  1.676891  1.350322  0.489631
4.890000  1.579544  1.277203  0.437284
4.900000  1.420851  1.163716  0.366987
4.910000  1.215518  1.020341  0.285196
4.920000  0.982445  0.860209  0.199374
4.930000  0.742980  0.697916  0.117314
4.940000  0.518950  0.548192  0.046438
4.950000  0.330660  0.424579  -0.006877
4.960000  0.195059  0.338191  -0.037873
4.970000  0.124229  0.296708  -0.043842
4.980000  0.124322  0.303676  -0.024374
4.990000  0.195024  0.358200  0.018618
5.000000  0.329607  0.455064  0.081089
5.010000  0.515551  0.585226  0.157242
5.020000  0.735705  0.736674  0.240069
5.030000  0.969869  0.895520  0.321992
5.040000  1.196662  1.047264  0.395548
5.050000  1.395483  1.178102  0.454061
5.060000  1.548381  1.276184  0.492248
5.070000  1.641667  1.332689  0.506697
5.080000  1.667127  1.342626  0.496175
5.090000  1.622738  1.305275  0.461733
5.100000  1.512835  1.224229  0.406597
5.110000  1.347694  1.107036  0.335859
5.120000  1.142585  0.964488  0.256003
5.130000  0.916355  0.809626  0.174307
5.140000  0.689693  0.656550  0.098186
5.150000  0.483225  0.519144  0.034516
5.160000  0.315636  0.409816  -0.010983
5.170000  0.201982  0.338369  -0.034268
5.180000  0.152352  0.311110  -0.033337
5.190000  0.170975  0.330292  -0.008402
5.200000  0.255863  0.393922  0.038134
5.210000  0.399007  0.495974  0.101917
5.220000  0.587128  0.626959  0.177045
5.230000  0.802902  0.774810  0.256616
5.240000  1.026563  0.925981  0.333356
5.250000  1.237721  1.066682  0.400280
5.260000  1.417221  1.184127  0.451322
5.270000  1.548884  1.267697  0.481886
5.280000  1.620954  1.309902  0.489256
5.290000  1.627142  1.307057  0.472847
5.300000  1.567169  1.259597  0.434239
5.310000  1.446775  1.172019  0.377029
5.320000  1.277174  1.052445  0.306488
5.330000  1.074016  0.911862  0.229071
5.340000  0.855942  0.763115  0.151827
5.350000  0.642861  0.619737  0.081761
5.360000  0.454136  0.494717  0.025193
5.370000  0.306820  0.399323  -0.012805
5.380000  0.214117  0.342079  -0.028877
5.390000  0.184212  0.327997  -0.021675
5.400000  0.219547  0.358133  0.008022
5.410000  0.316622  0.429510  0.057387
5.420000  0.466336  0.535418  0.121821
5.430000  0.654832  0.666036  0.195375
5.440000  0.864781  0.809350  0.271301
5.450000  1.076979  0.952241  0.342666
5.460000  1.272105  1.081685  0.402979
5.470000  1.432486  1.185935  0.446783
5.480000  1.543693  1.255582  0.470144
5.490000  1.595832  1.284411  0.471008
5.500000  1.584419  1.269953  0.449377
5.510000  1.510770  1.213692  0.407303
5.520000  1.381853  1.120909  0.348690
5.530000  1.209638  1.000181  0.278926
5.540000  1.009988  0.862582  0.204387
5.550000  0.801192  0.720671  0.131853
5.560000  0.602287  0.587343  0.067895
5.570000  0.431321  0.474663  0.018274
5.580000  0.303715  0.392763  -0.012575
5.590000  0.230878  0.348934  -0.021946
5.600000  0.219186  0.346964  -0.009099
5.610000  0.269433  0.386813  0.024678
5.620000  0.376774  0.464635  0.076197
5.630000  0.531190  0.573150  0.140674
5.640000  0.718420  0.702321  0.212167
5.650000  0.921278  0.840280  0.284126
5.660000  1.121233  0.974412  0.349986
5.670000  1.300103  1.092503  0.403764
5.680000  1.441713  1.183849  0.440604
5.690000  1.533347  1.240227  0.457210
5.700000  1.566892  1.256633  0.452141
5.710000  1.539553  1.231725  0.425939
5.720000  1.454081  1.167928  0.381067
5.730000  1.318504  1.071194  0.321673
5.740000  1.145378  0.950440  0.253208
5.750000  0.950621  0.816729  0.181922
5.760000  0.752048  0.682248  0.114293
5.770000  0.567740  0.559206  0.056439
5.780000  0.414396  0.458718  0.013564
5.790000  0.305823  0.389798  -0.010516
5.800000  0.251691  0.358551  -0.013709
5.810000  0.256680  0.367620  0.004165
5.820000  0.320073  0.415971  0.041367
5.830000  0.435842  0.498997  0.094407
5.840000  0.593222  0.608961  0.158373
5.850000  0.777704  0.735712  0.227379
5.860000  0.972378  0.867618  0.295111
5.870000  1.159485  0.992629  0.355396
5.880000  1.322032  1.099376  0.402765
5.890000  1.445344  1.178196  0.432950
5.900000  1.518377  1.222014  0.443262
5.910000  1.534708  1.226969  0.432835
5.920000  1.493102  1.192757  0.402694
5.930000  1.397595  1.122640  0.355653
5.940000  1.257112  1.023129  0.296052
5.950000  1.084630  0.903380  0.229351
5.960000  0.895985  0.774345  0.161633
5.970000  0.708408  0.647774  0.099045
5.980000  0.538958  0.535142  0.047240
5.990000  0.402963  0.446607  0.010869
6.000000  0.312640  0.390088  -0.006845
6.010000  0.275999  0.370558  -0.004389
6.020000  0.296131  0.389599  0.017908
6.030000  0.370950  0.445276  0.057910
6.040000  0.493405  0.532331  0.111882
6.050000  0.652140  0.642676  0.174836
6.060000  0.832547  0.766141  0.240989
6.070000  1.018114  0.891410  0.304293
6.080000  1.191929  1.007051  0.358987
6.090000  1.338232  1.102558  0.400117
6.100000  1.443835  1.169302  0.423985
6.110000  1.499309  1.201310  0.428479
6.120000  1.499829  1.195797  0.413261
6.130000  1.445588  1.153405  0.379789
6.140000  1.341759  1.078129  0.331173
6.150000  1.198006  0.976935  0.271889
6.160000  1.027580  0.859117  0.207361
6.170000  0.846105  0.735438  0.143467
6.180000  0.670135  0.617145  0.085999
6.190000  0.515653  0.514948  0.040141
6.200000  0.396609  0.438046  0.010000
6.210000  0.323672  0.393296  -0.001770
6.220000  0.303266  0.384597  0.005807
6.230000  0.337011  0.412551  0.031937
6.240000  0.421594  0.474422  0.074146
6.250000  0.549090  0.564402  0.128506
6.260000  0.707705  0.674151  0.190001
6.270000  0.882866  0.793571  0.252992
6.280000  1.058559  0.911728  0.311725
6.290000  1.218795  1.017851  0.360862
6.300000  1.349062  1.102310  0.395959
6.310000  1.437641  1.157490  0.413871
6.320000  1.476656  1.178473  0.413029
6.330000  1.462777  1.163475  0.393578
6.340000  1.397495  1.113995  0.357357
6.350000  1.286975  1.034661  0.307720
6.360000  1.141468  0.932795  0.249228
6.370000  0.974365  0.817738  0.187227
6.380000  0.800962  0.699986  0.127356
6.390000  0.637057  0.590235  0.075039
6.400000  0.497516  0.498407  0.034985
6.410000  0.394918  0.432749  0.010769
6.420000  0.338429  0.399090  0.004510
6.430000  0.332977  0.400323  0.016682
6.440000  0.378827  0.436151  0.046079
6.450000  0.471576  0.503133  0.089937
6.460000  0.602574  0.595007  0.144185
6.470000  0.759728  0.703277  0.203827
6.480000  0.928620  0.817995  0.263400
6.490000  1.093828  0.928669  0.317470
6.500000  1.240334  1.025220  0.361127
6.510000  1.354892  1.098900  0.390432
6.520000  1.427217  1.143081  0.402769
6.530000  1.450916  1.153846  0.397075
6.540000  1.424045  1.130340  0.373935
6.550000  1.349268  1.074826  0.335518
6.560000  1.233597  0.992471  0.285373
6.570000  1.087733  0.890859  0.228100
6.580000  0.925078  0.779293  0.168925
6.590000  0.760499  0.667938  0.113227
6.600000  0.608973  0.566897  0.066042
6.610000  0.484222  0.485288  0.031611
6.620000  0.397470  0.430423  0.012996
6.630000  0.356435  0.407147  0.011805
6.640000  0.364642  0.417409  0.028055
6.650000  0.421120  0.460099  0.060175
6.660000  0.520512  0.531160  0.105159
6.670000  0.653581  0.623974  0.158842
6.680000  0.808066  0.729974  0.216288
6.690000  0.969811  0.839432  0.272240
6.700000  1.124065  0.942347  0.321602
6.710000  1.256825  1.029360  0.359898
6.720000  1.356104  1.092598  0.383680
6.730000  1.413016  1.126387  0.390834
6.740000  1.422568  1.127757  0.380771
6.750000  1.384097  1.096702  0.354469
6.760000  1.301312  1.036166  0.314379
6.770000  1.181937  0.951760  0.264197
6.780000  1.036990  0.851243  0.208519
6.790000  0.879768  0.743804  0.152421
6.800000  0.724624  0.639220  0.100994
6.810000  0.585657  0.546967  0.058883
6.820000  0.475433  0.475355  0.029864
6.830000  0.403845  0.430781  0.016504
6.840000  0.377228  0.417153  0.019936
6.850000  0.397799  0.435546  0.039759
6.860000  0.463470  0.484116  0.074083
6.870000  0.568063  0.558284  0.119707
6.880000  0.701883  0.651161  0.172417
6.890000  0.852620  0.754189  0.227373
6.900000  1.006481  0.857923  0.279552
6.910000  1.149448  0.952897  0.324206
6.920000  1.268561  1.030483  0.357294
6.930000  1.353084  1.083674  0.375844
6.940000  1.395478  1.107712  0.378218
6.950000  1.392069  1.100516  0.364262
6.960000  1.343365  1.062852  0.335303
6.970000  1.253995  0.998257  0.294030
6.980000  1.132264  0.912701  0.244241
6.990000  0.989386  0.814035  0.190489
7.000000  0.838448  0.711266  0.137669
7.010000  0.693214  0.613736  0.090568
7.020000  0.566863  0.530267  0.053433
7.030000  0.470802  0.468363  0.029586
7.040000  0.413628  0.433536  0.021123
7.050000  0.400363  0.428805  0.028733
7.060000  0.432013  0.454441  0.051639
7.070000  0.505494  0.507949  0.087676
7.080000  0.613929  0.584312  0.133493
7.090000  0.747292  0.676453  0.184868
7.100000  0.893332  0.775895  0.237087
7.110000  1.038703  0.873533  0.285385
7.120000  1.170178  0.960466  0.325373
7.130000  1.275851  1.028807  0.353436
7.140000  1.346220  1.072396  0.367063
7.150000  1.375035  1.087352  0.365065
7.160000  1.359854  1.072416  0.347681
7.170000  1.302249  1.029054  0.316550
7.180000  1.207643  0.961313  0.274551
7.190000  1.084804  0.875437  0.225543
7.200000  0.945026  0.779294  0.174000
7.210000  0.801095  0.681651  0.124613
7.220000  0.666118  0.591370  0.081851
7.230000  0.552329  0.516607  0.049562
7.240000  0.469979  0.464068  0.030625
7.250000  0.426413  0.438407  0.026691
7.260000  0.425415  0.441815  0.038039
7.270000  0.466882  0.473824  0.063555
7.280000  0.546845  0.531370  0.100843
7.290000  0.657853  0.609078  0.146446
7.300000  0.789662  0.699763  0.196165
7.310000  0.930182  0.795091  0.245447
7.320000  1.066586  0.886345  0.289800
7.330000  1.186476  0.965216  0.325197
7.340000  1.279013  1.024556  0.348446
7.350000  1.335896  1.059031  0.357474
7.360000  1.352102  1.065589  0.351511
7.370000  1.326333  1.043732  0.331155
7.380000  1.261115  0.995550  0.298310
7.390000  1.162549  0.925519  0.256007
7.400000  1.039746  0.840082  0.208125
7.410000  0.903979  0.747053  0.159033
7.420000  0.767652  0.654906  0.113190
7.430000  0.643163  0.571993  0.074741
7.440000  0.541778  0.505790  0.047138
7.450000  0.472610  0.462221  0.032832
7.460000  0.441803  0.445123  0.033054
7.470000  0.451982  0.455908  0.047706
7.480000  0.502031  0.493445  0.075381
7.490000  0.587213  0.554174  0.113489
7.500000  0.699616  0.632443  0.158506
7.510000  0.828887  0.721027  0.206294
7.520000  0.963184  0.811797  0.252482
7.530000  1.090261  0.896460  0.292863
7.540000  1.198582  0.967316  0.323778
7.550000  1.278371  1.017956  0.342445
7.560000  1.322491  1.043837  0.347210
7.570000  1.327080  1.042691  0.337688
7.580000  1.291891  1.014718  0.314798
7.590000  1.220296  0.962557  0.280671
7.600000  1.118964  0.891037  0.238451
7.610000  0.997239  0.806724  0.192002
7.620000  0.866281  0.717322  0.145557
7.630000  0.738036  0.630960  0.103331
7.640000  0.624154  0.555459  0.069134
7.650000  0.534924  0.497611  0.046031
7.660000  0.478346  0.462578  0.036062
7.670000  0.459416  0.453418  0.040064
7.680000  0.479681  0.470826  0.057599
7.690000  0.537115  0.513073  0.087001
7.700000  0.626323  0.576182  0.125531
7.710000  0.739038  0.654292  0.169630
7.720000  0.864897  0.740207  0.215252
7.730000  0.992383  0.826051  0.258228
7.740000  1.109885  0.903991  0.294650
7.750000  1.206751  0.966946  0.321220
7.760000  1.274254  1.009231  0.335556
7.770000  1.306378  1.027067  0.336397
7.780000  1.300351  1.018916  0.323715
7.790000  1.256885  0.985611  0.298712
7.800000  1.180094  0.930270  0.263709
7.810000  1.077105  0.858000  0.221922
7.820000  0.957399  0.775428  0.177172
7.830000  0.831932  0.690086  0.133533
7.840000  0.712137  0.609727  0.094958
7.850000  0.608881  0.541613  0.064923
7.860000  0.531476  0.491863  0.046112
7.870000  0.486841  0.464897  0.040175
7.880000  0.478883  0.463040  0.047584
7.890000  0.508157  0.486326  0.067593
7.900000  0.571825  0.532500  0.098317
7.910000  0.663935  0.597235  0.136900
7.920000  0.775973  0.674534  0.179788
7.930000  0.897652  0.757286  0.223049
7.940000  1.017851  0.837913  0.262734
7.950000  1.125635  0.909065  0.295239
7.960000  1.211246  0.964288  0.317627
7.970000  1.266989  0.998605  0.327897
7.980000  1.287917  1.008963  0.325158
7.990000  1.272276  0.994503  0.309705
8.000000  1.221644  0.956626  0.282992
8.010000  1.140776  0.898859  0.247488
8.020000  1.037156  0.826521  0.206450
8.030000  0.920305  0.746235  0.163628
8.040000  0.800906  0.665315  0.122913
8.050000  0.689823  0.591102  0.087990
8.060000  0.597119  0.530293  0.062000
8.070000  0.531137  0.488337  0.047255
8.080000  0.497754  0.468942  0.045039
8.090000  0.499853  0.473748  0.055484
8.100000  0.537077  0.502185  0.077575
8.110000  0.605877  0.551539  0.109239
8.120000  0.699844  0.617201  0.147542
8.130000  0.810311  0.693101  0.188961
8.140000  0.927147  0.772265  0.229702
8.150000  1.039687  0.847453  0.266052
8.160000  1.137704  0.911819  0.294714
8.170000  1.212339  0.959531  0.313103
8.180000  1.256899  0.986300  0.319583
8.190000  1.267457  0.989761  0.313607
8.200000  1.243195  0.969677  0.295764
8.210000  1.186470  0.927959  0.267720
8.220000  1.102578  0.868473  0.232061
8.230000  0.999266  0.796688  0.192055
8.240000  0.886009  0.719165  0.151351
8.250000  0.773150  0.642958  0.113644
8.260000  0.670944  0.574971  0.082342
8.270000  0.588635  0.521328  0.060254
8.280000  0.533614  0.486822  0.049337
8.290000  0.510757  0.474483  0.050525
8.300000  0.521992  0.485312  0.063646
8.310000  0.566136  0.518195  0.087442
8.320000  0.639020  0.570021  0.119691
8.330000  0.733877  0.635965  0.157413
8.340000  0.841971  0.709943  0.197140
8.350000  0.953402  0.785166  0.235239
8.360000  1.058009  0.854760  0.268243
8.370000  1.146300  0.912397  0.293161
8.380000  1.210306  0.952864  0.307752
8.390000  1.244305  0.972531  0.310726
8.400000  1.245330  0.969680  0.301853
8.410000  1.213427  0.944647  0.281985
8.420000  1.151637  0.899785  0.252967
8.430000  1.065706  0.839241  0.217470
8.440000  0.963552  0.768568  0.178743
8.450000  0.854532  0.694219  0.140314
8.460000  0.748586  0.622950  0.105666
8.470000  0.655331  0.561208  0.077927
8.480000  0.583186  0.514544  0.059578
8.490000  0.538611  0.487113  0.052238
8.500000  0.525531  0.481301  0.056514
8.510000  0.544986  0.497518  0.071957
8.520000  0.595054  0.534167  0.097103
8.530000  0.671035  0.587799  0.129610
8.540000  0.765892  0.653438  0.166479
8.550000  0.870904  0.725034  0.204327
8.560000  0.976464  0.796025  0.239696
8.570000  1.072958  0.859932  0.269371
8.580000  1.151640  0.910951  0.290668
8.590000  1.205423  0.944474  0.301677
8.600000  1.229517  0.957508  0.301432
8.610000  1.221854  0.948934  0.289998
8.620000  1.183265  0.919606  0.268453
8.630000  1.117390  0.872262  0.238795
8.640000  1.030334  0.811267  0.203748
8.650000  0.930104  0.742208  0.166515
8.660000  0.825868  0.671379  0.130482
8.670000  0.727119  0.605211  0.098915
8.680000  0.642806  0.549679  0.074654
8.690000  0.580527  0.509764  0.059865
8.700000  0.545841  0.489005  0.055842
8.710000  0.541771  0.489183  0.062893
8.720000  0.568544  0.510166  0.080319
8.730000  0.623576  0.549929  0.106477
8.740000  0.701727  0.604747  0.138941
8.750000  0.795776  0.669546  0.174720
8.760000  0.897087  0.738362  0.210534
8.770000  0.996402  0.804894  0.243116
8.780000  1.084686  0.863078  0.269507
8.790000  1.153950  0.907635  0.287324
8.800000  1.197967  0.934550  0.294977
8.810000  1.212838  0.941431  0.291804
8.820000  1.197330  0.927718  0.278133
8.830000  1.152982  0.894728  0.255247
8.840000  1.083947  0.845527  0.225258
8.850000  0.996608  0.784640  0.190918
8.860000  0.898983  0.717635  0.155360
8.870000  0.799989  0.650614  0.121817
8.880000  0.708631  0.589651  0.093320
8.890000  0.633176  0.540243  0.072432
8.900000  0.580409  0.506810  0.061010
8.910000  0.555020  0.492301  0.060040
8.920000  0.559187  0.497929  0.069557
8.930000  0.592392  0.523070  0.088638
8.940000  0.651474  0.565326  0.115495
8.950000  0.730934  0.620756  0.147642
8.960000  0.823445  0.684236  0.182122
8.970000  0.920521  0.749933  0.215779
8.980000  1.013304  0.811838  0.245545
8.990000  1.093362  0.864314  0.268720
9.000000  1.153460  0.902607  0.283219
9.010000  1.188211  0.923275  0.287750
9.020000  1.194557  0.924494  0.281937
9.030000  1.172039  0.906217  0.266347
9.040000  1.122824  0.870174  0.242432
9.050000  1.051501  0.819698  0.212397
9.060000  0.964647  0.759426  0.178992
9.070000  0.870223  0.694862  0.145263
9.080000  0.776845  0.631876  0.114270
9.090000  0.692993  0.576169  0.088812
9.100000  0.626244  0.532755  0.071172
9.110000  0.582584  0.505507  0.062910
9.120000  0.565874  0.496809  0.064728
9.130000  0.577504  0.507349  0.076407
9.140000  0.616280  0.536058  0.096831
9.150000  0.678544  0.580224  0.124096
9.160000  0.758519  0.635736  0.155680
9.170000  0.848839  0.697473  0.188683
9.180000  0.941234  0.759769  0.220088
9.190000  1.027278  0.816932  0.247036
9.200000  1.099164  0.863762  0.267087
9.210000  1.150405  0.896025  0.278439
9.220000  1.176423  0.910828  0.280089
9.230000  1.174953  0.906880  0.271922
9.240000  1.146244  0.884604  0.254716
9.250000  1.093017  0.846085  0.230069
9.260000  1.020217  0.794878  0.200247
9.270000  0.934543  0.735677  0.167977
9.280000  0.843838  0.673882  0.136198
9.290000  0.756366  0.615104  0.107791
9.300000  0.680060  0.564656  0.085315
9.310000  0.621804  0.527067  0.070781
9.320000  0.586807  0.505680  0.065467
9.330000  0.578139  0.502345  0.069807
9.340000  0.596462  0.517264  0.083354
9.350000  0.639979  0.548976  0.104827
9.360000  0.704609  0.594501  0.132228
9.370000  0.784369  0.649614  0.163030
9.380000  0.871926  0.709237  0.194407
9.390000  0.959270  0.767904  0.223494
9.400000  1.038446  0.820261  0.247647
9.410000  1.102278  0.861551  0.264681
9.420000  1.145018  0.888047  0.273071
9.430000  1.162863  0.897383  0.272084
9.440000  1.154290  0.888764  0.261842
9.450000  1.120187  0.863034  0.243312
9.460000  1.063761  0.822587  0.218207
9.470000  0.990235  0.771149  0.188832
9.480000  0.906365  0.713427  0.157870
9.490000  0.819816  0.654678  0.128137
9.500000  0.738465  0.600230  0.102325
9.510000  0.669679  0.554996  0.082754
9.520000  0.619649  0.523029  0.071171
9.530000  0.592835  0.507157  0.068585
9.540000  0.591562  0.508731  0.075183
9.550000  0.615821  0.527508  0.090315
9.560000  0.663282  0.561683  0.112559
9.570000  0.729515  0.608056  0.139851
9.580000  0.808399  0.662334  0.169678
9.590000  0.892692  0.719522  0.199307
9.600000  0.974693  0.774384  0.226035
9.610000  1.046940  0.821918  0.247436
9.620000  1.102896  0.857812  0.261578
9.630000  1.137533  0.878830  0.267200
9.640000  1.147784  0.883107  0.263819
9.650000  1.132816  0.870307  0.251776
9.660000  1.094093  0.841650  0.232196
9.670000  1.035233  0.799793  0.206888
9.680000  0.961672  0.748581  0.178169
9.690000  0.880157  0.692694  0.148662
9.700000  0.798128  0.637216  0.121044
9.710000  0.723041  0.587172  0.097813
9.720000  0.661685  0.547070  0.081054
9.730000  0.619571  0.520491  0.072255
9.740000  0.600434  0.509774  0.072174
9.750000  0.605902  0.515801  0.080770
9.760000  0.635357  0.537929  0.097216
9.770000  0.686004  0.574053  0.119971
9.780000  0.753130  0.620801  0.146931
9.790000  0.830543  0.673855  0.175615
9.800000  0.911147  0.728338  0.203399
9.810000  0.987583  0.779266  0.227752
9.820000  1.052907  0.822003  0.246465
9.830000  1.101215  0.852676  0.257853
9.840000  1.128177  0.868528  0.260906
9.850000  1.131427  0.868161  0.255375
9.860000  1.110763  0.851662  0.241793
9.870000  1.068163  0.820583  0.221425
9.880000  1.007589  0.777796  0.196146
9.890000  0.934621  0.727224  0.168270
9.900000  0.855943  0.673482  0.140336
9.910000  0.778728  0.621454  0.114879
9.920000  0.709982  0.575844  0.094195
9.930000  0.655912  0.540753  0.080138
9.940000  0.621361  0.519305  0.073948
9.950000  0.609375  0.513370  0.076147
9.960000  0.620932  0.523398  0.086489
9.970000  0.654866  0.548387  0.103989
9.980000  0.707980  0.585974  0.127016
9.990000  0.775346  0.632665  0.153443
10.000000  0.850761  0.684150  0.180842
10.010000  0.927317  0.735704  0.206709
10.020000  0.998036  0.782617  0.228691
10.030000  1.056499  0.820620  0.244797
10.040000  1.097431  0.846277  0.253581
10.050000  1.117177  0.857288  0.254268
10.060000  1.114023  0.852696  0.246826
10.070000  1.088350  0.832969  0.231959
10.080000  1.042582  0.799948  0.211045
10.090000  0.980961  0.756676  0.186008
10.100000  0.909155  0.707116  0.159135
10.110000  0.833729  0.655784  0.132872
10.120000  0.761552  0.607338  0.109597
10.130000  0.699164  0.566151  0.091409
10.140000  0.652186  0.535919  0.079930
10.150000  0.624814  0.519322  0.076168
10.160000  0.619438  0.517790  0.080423
10.170000  0.636439  0.531375  0.092265
10.180000  0.674161  0.558752  0.110576
10.190000  0.729067  0.597351  0.133653
10.200000  0.796076  0.643589  0.159369
10.210000  0.869028  0.693206  0.185364
10.220000  0.941247  0.741653  0.209266
10.230000  1.006157  0.784508  0.228901
10.240000  1.057874  0.817878  0.242496
10.250000  1.091742  0.838748  0.248833
10.260000  1.104748  0.845257  0.247361
10.270000  1.095792  0.836855  0.238241
10.280000  1.065776  0.814355  0.222330
10.290000  1.017512  0.779846  0.201098
10.300000  0.955463  0.736501  0.176493
10.310000  0.885324  0.688283  0.150762
10.320000  0.813500  0.639580  0.126243
10.330000  0.746523  0.594805  0.105153
10.340000  0.690454  0.557995  0.089390
10.350000  0.650332  0.532442  0.080356
10.360000  0.629727  0.520402  0.078835
10.370000  0.630414  0.522889  0.084926
10.380000  0.652226  0.539593  0.098033
10.390000  0.693072  0.568911  0.116925
10.400000  0.749142  0.608100  0.139851
10.410000  0.815254  0.653530  0.164699
10.420000  0.885340  0.701023  0.189194
10.430000  0.952994  0.746227  0.211102
10.440000  1.012062  0.785022  0.228434
10.450000  1.057197  0.813886  0.239626
10.460000  1.084344  0.830220  0.243681
10.470000  1.091103  0.832572  0.240255
10.480000  1.076939  0.820773  0.229685
10.490000  1.043223  0.795938  0.212958
10.500000  0.993098  0.760366  0.191617
10.510000  0.931186  0.717322  0.167615
10.520000  0.863161  0.670734  0.143141
10.530000  0.795228  0.624838  0.120418
10.540000  0.733555  0.583786  0.101497
10.550000  0.683714  0.551272  0.088075
10.560000  0.650174  0.530196  0.081343
10.570000  0.635904  0.522404  0.081875
10.580000  0.642104  0.528528  0.089585
10.590000  0.668108  0.547928  0.103730
10.600000  0.711450  0.578761  0.122990
10.610000  0.768099  0.618151  0.145582
10.620000  0.832832  0.662458  0.169429
10.630000  0.899711  0.707610  0.192349
10.640000  0.962631  0.749475  0.212255
10.650000  1.015876  0.784241  0.227341
10.660000  1.054633  0.808757  0.236250
10.670000  1.075429  0.820819  0.238193
10.680000  1.076443  0.819367  0.233016
10.690000  1.057657  0.804573  0.221216
10.700000  1.020859  0.777823  0.203888
10.710000  0.969465  0.741585  0.182628
10.720000  0.908204  0.699180  0.159379
10.730000  0.842683  0.654472  0.136259
10.740000  0.778869  0.611520  0.115363
10.750000  0.722548  0.574205  0.098577
10.760000  0.678801  0.545877  0.087401
10.770000  0.651538  0.529054  0.082821
10.780000  0.643155  0.525195  0.085217
10.790000  0.654320  0.534576  0.094333
10.800000  0.683917  0.556263  0.109304
10.810000  0.729162  0.588211  0.128734
10.820000  0.785855  0.627448  0.150829
10.830000  0.848778  0.670353  0.173561
10.840000  0.912167  0.712987  0.194851
10.850000  0.970241  0.751455  0.212763
10.860000  1.017730  0.782255  0.225676
10.870000  1.050349  0.802602  0.232431
10.880000  1.065186  0.810671  0.232433
10.890000  1.060958  0.805766  0.225706
10.900000  1.038124  0.788370  0.212886
10.910000  0.998833  0.760103  0.195159
10.920000  0.946720  0.723566  0.174153
10.930000  0.886573  0.682102  0.151787
10.940000  0.823888  0.639485  0.130095
10.950000  0.764366  0.599578  0.111041
10.960000  0.713397  0.565981  0.096340
10.970000  0.675568  0.541704  0.087304
10.980000  0.654251  0.528894  0.084721
10.990000  0.651299  0.528647  0.088793
11.000000  0.666887  0.540911  0.099112
11.010000  0.699502  0.564495  0.114706
11.020000  0.746091  0.597184  0.134124
11.030000  0.802341  0.635945  0.155578
11.040000  0.863080  0.677207  0.177100
11.050000  0.922750  0.717185  0.196725
11.060000  0.975916  0.752229  0.212670
11.070000  1.017759  0.779156  0.223494
11.080000  1.044512  0.795532  0.228229
11.090000  1.053795  0.799896  0.226464
11.100000  1.044831  0.791887  0.218383
11.110000  1.018505  0.772269  0.204743
11.120000  0.977277  0.742860  0.186802
11.130000  0.924954  0.706361  0.166206
11.140000  0.866332  0.666106  0.144834
11.150000  0.806761  0.625753  0.124627
11.160000  0.751652  0.588957  0.107411
11.170000  0.705988  0.559030  0.094734
11.180000  0.673869  0.538646  0.087721
11.190000  0.658145  0.529597  0.086979
11.200000  0.660160  0.532639  0.092541
11.210000  0.679641  0.547421  0.103867
11.220000  0.714725  0.572529  0.119894
11.230000  0.762141  0.605612  0.139136
11.240000  0.817506  0.643609  0.159823
11.250000  0.875737  0.683021  0.180060
11.260000  0.931512  0.720239  0.198001
11.270000  0.979756  0.751867  0.212019
11.280000  1.016102  0.775036  0.220848
11.290000  1.037285  0.787657  0.223703
11.300000  1.041432  0.788609  0.220344
11.310000  1.028232  0.777841  0.211098
11.320000  0.998950  0.756366  0.196827
11.330000  0.956309  0.726167  0.178845
11.340000  0.904238  0.690011  0.158797
11.350000  0.847502  0.651197  0.138511
11.360000  0.791273  0.613249  0.119827
11.370000  0.740651  0.579596  0.104431
11.380000  0.700205  0.553263  0.093703
11.390000  0.673556  0.536595  0.088592
11.400000  0.663055  0.531047  0.089532
11.410000  0.669575  0.537054  0.096403
11.420000  0.692432  0.554002  0.108548
11.430000  0.729464  0.580281  0.124832
11.440000  0.777227  0.613441  0.143750
11.450000  0.831314  0.650417  0.163562
11.460000  0.886765  0.687808  0.182456
11.470000  0.938518  0.722194  0.198711
11.480000  0.981869  0.750442  0.210853
11.490000  1.012900  0.769990  0.217791
11.500000  1.028830  0.779083  0.218910
11.510000  1.028265  0.776920  0.214128
11.520000  1.011319  0.763731  0.203901
11.530000  0.979594  0.740746  0.189176
11.540000  0.936030  0.710083  0.171308
11.550000  0.884630  0.674546  0.151930
11.560000  0.830095  0.637374  0.132805
11.570000  0.777385  0.601935  0.115667
11.580000  0.731278  0.571430  0.102058
11.590000  0.695924  0.548592  0.093196
11.600000  0.674481  0.535447  0.089859
11.610000  0.668825  0.533131  0.092320
11.620000  0.679388  0.541786  0.100324
11.630000  0.705124  0.560560  0.113111
11.640000  0.743612  0.587680  0.129491
11.650000  0.791282  0.620625  0.147951
11.660000  0.843744  0.656354  0.166798
11.670000  0.896191  0.691586  0.184308
11.680000  0.943840  0.723099  0.198888
11.690000  0.982366  0.748027  0.209220
11.700000  1.008292  0.764112  0.214376
11.710000  1.019303  0.769914  0.213905
11.720000  1.014453  0.764931  0.207867
11.730000  0.994240  0.749649  0.196833
11.740000  0.960560  0.725485  0.181821
11.750000  0.916525  0.694659  0.164209
11.760000  0.866174  0.659987  0.145605
11.770000  0.814104  0.624624  0.127699
11.780000  0.765047  0.591771  0.112113
11.790000  0.723441  0.564389  0.100247
11.800000  0.693024  0.544926  0.093158
11.810000  0.676502  0.535100  0.091465
11.820000  0.675303  0.535743  0.095290
11.830000  0.689455  0.546734  0.104256
11.840000  0.717591  0.567008  0.117518
11.850000  0.757076  0.594662  0.133845
11.860000  0.804255  0.627129  0.151731
11.870000  0.854788  0.661418  0.169537
11.880000  0.904052  0.694381  0.185637
11.890000  0.947559  0.723010  0.198569
11.900000  0.981362  0.744702  0.207164
11.910000  1.002419  0.757495  0.210654
11.920000  1.008858  0.760250  0.208738
11.930000  1.000145  0.752742  0.201609
11.940000  0.977130  0.735682  0.189933
11.950000  0.941956  0.710648  0.174786
11.960000  0.897865  0.679935  0.157557
11.970000  0.848897  0.646345  0.139816
11.980000  0.799514  0.612929  0.123173
11.990000  0.754199  0.582709  0.109132
12.000000  0.717043  0.558402  0.098953
12.010000  0.691379  0.542175  0.093538
12.020000  0.679476  0.535452  0.093355
12.030000  0.682343  0.538784  0.098389
12.040000  0.699643  0.551805  0.108154
12.050000  0.729722  0.573271  0.121735
12.060000  0.769777  0.601173  0.137874
12.070000  0.816105  0.632928  0.155085
12.080000  0.864452  0.665611  0.171792
12.090000  0.910397  0.696228  0.186471
12.100000  0.949760  0.721985  0.197791
12.110000  0.978976  0.740544  0.204731
12.120000  0.995419  0.750230  0.206674
12.130000  0.997639  0.750186  0.203459
12.140000  0.985484  0.740441  0.195396
12.150000  0.960111  0.721907  0.183235
12.160000  0.923876  0.696294  0.168095
12.170000  0.880109  0.665944  0.151360
12.180000  0.832815  0.633623  0.134554
12.190000  0.786298  0.602262  0.119202
12.200000  0.744774  0.574695  0.106687
12.210000  0.711986  0.553393  0.098130
12.220000  0.690865  0.540249  0.094286
12.230000  0.683268  0.536407  0.095478
12.240000  0.689812  0.542156  0.101569
12.250000  0.709827  0.556914  0.111979
12.260000  0.741418  0.579280  0.125734
12.270000  0.781649  0.607170  0.141563
12.280000  0.826807  0.638003  0.158012
12.290000  0.872750  0.668945  0.173575
12.300000  0.915282  0.697163  0.186836
12.310000  0.950536  0.720085  0.196592
12.320000  0.975324  0.735633  0.201966
12.330000  0.987427  0.742407  0.202483
12.340000  0.985785  0.739814  0.198112
12.350000  0.970598  0.728114  0.189268
12.360000  0.943295  0.708395  0.176768
12.370000  0.906401  0.682469  0.161762
12.380000  0.863301  0.652707  0.145620
12.390000  0.817933  0.621815  0.129809
12.400000  0.774420  0.592593  0.115762
12.410000  0.736700  0.567673  0.104743
12.420000  0.708166  0.549287  0.097735
12.430000  0.691360  0.539061  0.095352
12.440000  0.687745  0.537872  0.097786
12.450000  0.697580  0.545772  0.104787
12.460000  0.719895  0.561983  0.115694
12.470000  0.752593  0.584977  0.129490
12.480000  0.792640  0.612616  0.144903
12.490000  0.836347  0.642347  0.160517
12.500000  0.879709  0.671438  0.174906
12.510000  0.918769  0.697231  0.186762
12.520000  0.949981  0.717375  0.195010
12.530000  0.970527  0.730047  0.198912
12.540000  0.978573  0.734111  0.198126
12.550000  0.973429  0.729218  0.192741
12.560000  0.955611  0.715836  0.183259
12.570000  0.926781  0.695205  0.170558
12.580000  0.889600  0.669216  0.155801
12.590000  0.847473  0.640241  0.140335
12.600000  0.804243  0.610912  0.125564
12.610000  0.763835  0.583882  0.112825
12.620000  0.729898  0.561584  0.103260
12.630000  0.705479  0.546007  0.097722
12.640000  0.692743  0.538523  0.096690
12.650000  0.692784  0.539759  0.100233
12.660000  0.705528  0.549547  0.108002
12.670000  0.729747  0.566942  0.119268
12.680000  0.763172  0.590311  0.132984
12.690000  0.802709  0.617485  0.147885
12.700000  0.844722  0.645957  0.162607
12.710000  0.885363  0.673115  0.175804
12.720000  0.920929  0.696478  0.186279
12.730000  0.948194  0.713921  0.193084
12.740000  0.964701  0.723866  0.195612
12.750000  0.968984  0.725426  0.193647
12.760000  0.960695  0.718479  0.187382
12.770000  0.940631  0.703679  0.177401
12.780000  0.910656  0.682391  0.164624
12.790000  0.873529  0.656564  0.150220
12.800000  0.832646  0.628551  0.135501
12.810000  0.791730  0.600893  0.121802
12.820000  0.754491  0.576089  0.110361
12.830000  0.724286  0.556366  0.102202
12.840000  0.703819  0.543479  0.098048
12.850000  0.694896  0.538553  0.098254
12.860000  0.698263  0.541984  0.102776
12.870000  0.713547  0.553407  0.111179
12.880000  0.739290  0.571730  0.122675
12.890000  0.773092  0.595239  0.136200
12.900000  0.811827  0.621756  0.150509
12.910000  0.851938  0.648839  0.164291
12.920000  0.889755  0.674004  0.176291
12.930000  0.921835  0.694955  0.185419
12.940000  0.945274  0.709788  0.190852
12.950000  0.957962  0.717164  0.192108
12.960000  0.958782  0.716430  0.189085
12.970000  0.947699  0.707672  0.182073
12.980000  0.925760  0.691706  0.171722
12.990000  0.894997  0.670000  0.158984
13.000000  0.858234  0.644539  0.145023
13.010000  0.818830  0.617638  0.131109
13.020000  0.780368  0.591736  0.118503
13.030000  0.746330  0.569168  0.108340
13.040000  0.719778  0.551956  0.101530
13.050000  0.703083  0.541625  0.098672
13.060000  0.697705  0.539069  0.100002
13.070000  0.704071  0.544468  0.105377
13.080000  0.721535  0.557281  0.114283
13.090000  0.748446  0.576291  0.125891
13.100000  0.782301  0.599727  0.139127
13.110000  0.819975  0.625419  0.152774
13.120000  0.858011  0.651004  0.165584
13.130000  0.892934  0.674139  0.176390
13.140000  0.921567  0.692714  0.184214
13.150000  0.941320  0.705043  0.188351
13.160000  0.950424  0.710017  0.188437
13.170000  0.948083  0.707199  0.184477
13.180000  0.934548  0.696865  0.176844
13.190000  0.911088  0.679972  0.166244
13.200000  0.879868  0.658069  0.153650
13.210000  0.843750  0.633157  0.140211
13.220000  0.806026  0.607497  0.127148
13.230000  0.770125  0.583413  0.115643
13.240000  0.739289  0.563071  0.106731
13.250000  0.716289  0.548290  0.101206
13.260000  0.703168  0.540374  0.099551
13.270000  0.701063  0.539995  0.101894
13.280000  0.710102  0.547138  0.107998
13.290000  0.729401  0.561105  0.117288
13.300000  0.757145  0.580578  0.128898
13.310000  0.790758  0.603745  0.141757
13.320000  0.827144  0.628466  0.154685
13.330000  0.862966  0.652469  0.166500
13.340000  0.894955  0.673557  0.176128
13.350000  0.920204  0.689810  0.182697
13.360000  0.936434  0.699754  0.185619
13.370000  0.942194  0.702496  0.184639
13.380000  0.936994  0.697804  0.179859
13.390000  0.921343  0.686122  0.171725
13.400000  0.896697  0.668527  0.160989
13.410000  0.865325  0.646631  0.148632
13.420000  0.830099  0.622428  0.135782
13.430000  0.794226  0.598116  0.123605
13.440000  0.760960  0.575890  0.113200
13.450000  0.733302  0.557747  0.105502
13.460000  0.713728  0.545304  0.101194
13.470000  0.703972  0.539651  0.100648
13.480000  0.704863  0.541257  0.103892
13.490000  0.716259  0.549926  0.110609
13.500000  0.737062  0.564823  0.120167
13.510000  0.765326  0.584550  0.131680
13.520000  0.798432  0.607274  0.144086
13.530000  0.833334  0.630899  0.156249
13.540000  0.866834  0.653255  0.167057
13.550000  0.895878  0.672299  0.175529
13.560000  0.917831  0.686298  0.180900
13.570000  0.930713  0.693984  0.182691
13.580000  0.933379  0.694670  0.180748
13.590000  0.925619  0.688311  0.175262
13.600000  0.908173  0.675499  0.166741
13.610000  0.882656  0.657414  0.155971
13.620000  0.851413  0.635709  0.143936
13.630000  0.817298  0.612358  0.131731
13.640000  0.783414  0.589478  0.120463
13.650000  0.752829  0.569132  0.111149
13.660000  0.728297  0.553144  0.104621
13.670000  0.712010  0.542934  0.101458
13.680000  0.705398  0.539388  0.101925
13.690000  0.709007  0.542785  0.105961
13.700000  0.722450  0.552768  0.113178
13.710000  0.744445  0.568385  0.122899
13.720000  0.772940  0.588173  0.134224
13.730000  0.805301  0.610298  0.146113
13.740000  0.838553  0.632723  0.157474
13.750000  0.869653  0.653388  0.167274
13.760000  0.895768  0.670408  0.174622
13.770000  0.914531  0.682234  0.178856
13.780000  0.924254  0.687797  0.179600
13.790000  0.924080  0.686605  0.176798
13.800000  0.914054  0.678781  0.170715
13.810000  0.895121  0.665049  0.161914
13.820000  0.869027  0.646670  0.151205
13.830000  0.838166  0.625322  0.139564
13.840000  0.805352  0.602944  0.128051
13.850000  0.773566  0.581561  0.117707
13.860000  0.745681  0.563099  0.109463
13.870000  0.724204  0.549207  0.104057
13.880000  0.711045  0.541116  0.101961
13.890000  0.707351  0.539518  0.103347
13.900000  0.713403  0.544515  0.108070
13.910000  0.728593  0.555608  0.115679
13.920000  0.751484  0.571744  0.125465
13.930000  0.779946  0.591419  0.136524
13.940000  0.811352  0.612810  0.147839
13.950000  0.842817  0.633949  0.158374
13.960000  0.871466  0.652898  0.167171
13.970000  0.894690  0.667928  0.173432
13.980000  0.910388  0.677674  0.176595
13.990000  0.917151  0.681257  0.176380
14.000000  0.914391  0.678363  0.172818
14.010000  0.902388  0.669270  0.166244
14.020000  0.882260  0.654816  0.157263
14.030000  0.855863  0.636326  0.146700
14.040000  0.825610  0.615483  0.135517
14.050000  0.794259  0.594180  0.124731
14.060000  0.764653  0.574341  0.115315
14.070000  0.739463  0.557749  0.108117
14.080000  0.720947  0.545884  0.103776
14.090000  0.710748  0.539788  0.102670
14.100000  0.709741  0.539976  0.104881
14.110000  0.717964  0.546386  0.110188
14.120000  0.734613  0.558393  0.118089
14.130000  0.758124  0.574864  0.127851
14.140000  0.786312  0.594266  0.138572
14.150000  0.816579  0.614805  0.149268
14.160000  0.846149  0.634593  0.158961
14.170000  0.872320  0.651816  0.166771
14.180000  0.892714  0.664906  0.171989
14.190000  0.905486  0.672674  0.174148
14.200000  0.909497  0.674422  0.173062
14.210000  0.904405  0.670002  0.168839
14.220000  0.890701  0.659830  0.161872
14.230000  0.869657  0.644841  0.152803
14.240000  0.843206  0.626405  0.142463
14.250000  0.813765  0.606199  0.131792
14.260000  0.784011  0.586055  0.121759
14.270000  0.756640  0.567789  0.113269
14.280000  0.734116  0.553040  0.107083
14.290000  0.718454  0.543118  0.103749
14.300000  0.711034  0.538891  0.103553
14.310000  0.712480  0.540701  0.106495
14.320000  0.722608  0.548342  0.112288
14.330000  0.740444  0.561078  0.120389
14.340000  0.764316  0.577712  0.130045
14.350000  0.792014  0.596699  0.140366
14.360000  0.820985  0.616286  0.150407
14.370000  0.848576  0.634673  0.159251
14.380000  0.872268  0.650178  0.166094
14.390000  0.889909  0.661388  0.170318
14.400000  0.899909  0.667288  0.171546
14.410000  0.901377  0.667349  0.169675
14.420000  0.894205  0.661577  0.164885
14.430000  0.879069  0.650508  0.157620
14.440000  0.857369  0.635158  0.148549
14.450000  0.831093  0.616927  0.138498
14.460000  0.802640  0.597472  0.128384
14.470000  0.774592  0.578553  0.119122
14.480000  0.749487  0.561873  0.111546
14.490000  0.729582  0.548926  0.106334
14.500000  0.716649  0.540858  0.103945
14.510000  0.711821  0.538366  0.104579
14.520000  0.715487  0.541636  0.108161
14.530000  0.727262  0.550331  0.114348
14.540000  0.746024  0.563620  0.122559
14.550000  0.770022  0.580260  0.132036
14.560000  0.797035  0.598707  0.141906
14.570000  0.824579  0.617259  0.151265
14.580000  0.850132  0.634213  0.159260
14.590000  0.871363  0.648020  0.165164
14.600000  0.886348  0.657422  0.168447
14.610000  0.893736  0.661570  0.168816
14.620000  0.892877  0.660093  0.166246
14.630000  0.883870  0.653138  0.160981
14.640000  0.867558  0.641346  0.153507
14.650000  0.845444  0.625796  0.144509
14.660000  0.819551  0.607906  0.134808
14.670000  0.792237  0.589299  0.125287
14.680000  0.765981  0.571655  0.116805
14.690000  0.743152  0.556561  0.110126
14.700000  0.725798  0.545363  0.105844
14.710000  0.715459  0.539049  0.104335
14.720000  0.713031  0.538157  0.105719
14.730000  0.718685  0.542727  0.109853
14.740000  0.731858  0.552306  0.116344
14.750000  0.751302  0.565985  0.124587
14.760000  0.775208  0.582487  0.133820
14.770000  0.801367  0.600283  0.143194
14.780000  0.827376  0.617734  0.151852
14.790000  0.850854  0.633238  0.159005
14.800000  0.869664  0.645380  0.164005
14.810000  0.882101  0.653055  0.166402
14.820000  0.887048  0.655571  0.165985
14.830000  0.884075  0.652706  0.162801
14.840000  0.873474  0.644731  0.157148
14.850000  0.856229  0.632380  0.149546
14.860000  0.833924  0.616780  0.140692
14.870000  0.808599  0.599352  0.131392
14.880000  0.782555  0.581673  0.122490
14.890000  0.758152  0.565339  0.114791
14.900000  0.737588  0.551815  0.108984
14.910000  0.722703  0.542305  0.105586
14.920000  0.714813  0.537641  0.104891
14.930000  0.714589  0.538210  0.106945
14.940000  0.722003  0.543925  0.111546
14.950000  0.736334  0.554226  0.118259
14.960000  0.756233  0.568142  0.126460
14.970000  0.779851  0.584376  0.135392
14.980000  0.805008  0.601427  0.144234
14.990000  0.829395  0.617725  0.152180
15.000000  0.850784  0.631776  0.158506
15.010000  0.867227  0.642297  0.162639
15.020000  0.877238  0.648334  0.164208
15.030000  0.879919  0.649341  0.163080
15.040000  0.875046  0.645236  0.159363
15.050000  0.863082  0.636399  0.153404
15.060000  0.845133  0.623643  0.145751
15.070000  0.822845  0.608129  0.137102
15.080000  0.798250  0.591268  0.128246
15.090000  0.773583  0.574584  0.119985
15.100000  0.751073  0.559581  0.113063
15.110000  0.732746  0.547601  0.108100
15.120000  0.720235  0.539706  0.105535
15.130000  0.714639  0.536582  0.105586
15.140000  0.716422  0.538477  0.108232
15.150000  0.725375  0.545182  0.113219
15.160000  0.740637  0.556051  0.120076
15.170000  0.760779  0.570063  0.128168
15.180000  0.783931  0.585914  0.136749
15.190000  0.807961  0.602140  0.145033
15.200000  0.830664  0.617249  0.152262
15.210000  0.849966  0.629856  0.157780
15.220000  0.864114  0.638812  0.161088
15.230000  0.871828  0.643303  0.161892
15.240000  0.872423  0.642928  0.160124
15.250000  0.865861  0.637726  0.155954
15.260000  0.852757  0.628180  0.149767
15.270000  0.834319  0.615162  0.142131
15.280000  0.812234  0.599857  0.133744
15.290000  0.788513  0.583655  0.125367
15.300000  0.765307  0.568018  0.117758
15.310000  0.744712  0.554352  0.111602
15.320000  0.728575  0.543878  0.107449
15.330000  0.718330  0.537520  0.105664
15.340000  0.714869  0.535824  0.106393
15.350000  0.718463  0.538908  0.109557
15.360000  0.728739  0.546457  0.114851
15.370000  0.744718  0.557750  0.121781
15.380000  0.764907  0.571729  0.129705
15.390000  0.787438  0.587095  0.137894
15.400000  0.810235  0.602430  0.145597
15.410000  0.831209  0.616326  0.152112
15.420000  0.848447  0.627510  0.156847
15.430000  0.860383  0.634962  0.159376
15.440000  0.865941  0.638008  0.159475
15.450000  0.864629  0.636376  0.157140
15.460000  0.856583  0.630220  0.152592
15.470000  0.842552  0.620107  0.146251
15.480000  0.823825  0.606960  0.138696
15.490000  0.802111  0.591975  0.130617
15.500000  0.779386  0.576510  0.122747
15.510000  0.757708  0.561958  0.115797
15.520000  0.739029  0.549625  0.110391
15.530000  0.725023  0.540610  0.107010
15.540000  0.716927  0.535704  0.105949
15.550000  0.715438  0.535321  0.107290
15.560000  0.720648  0.539460  0.110897
15.570000  0.732040  0.547712  0.116426
15.580000  0.748534  0.559293  0.123363
15.590000  0.768594  0.573121  0.131066
15.600000  0.790365  0.587913  0.138827
15.610000  0.811844  0.602306  0.145936
15.620000  0.831065  0.614978  0.151745
15.630000  0.846275  0.624770  0.155727
15.640000  0.856095  0.630789  0.157525
15.650000  0.859640  0.632492  0.156980
15.660000  0.856603  0.629727  0.154150
15.670000  0.847274  0.622754  0.149296
15.680000  0.832517  0.612210  0.142867
15.690000  0.813684  0.599058  0.135450
15.700000  0.792492  0.584490  0.127720
15.710000  0.770867  0.569825  0.120378
15.720000  0.750762  0.556384  0.114087
15.730000  0.733987  0.545369  0.109409
15.740000  0.722037  0.537758  0.106760
15.750000  0.715965  0.534214  0.106368
15.760000  0.716284  0.535028  0.108254
15.770000  0.722920  0.540091  0.112232
15.780000  0.735228  0.548912  0.117928
15.790000  0.752049  0.560655  0.124812
15.800000  0.771819  0.574227  0.132247
15.810000  0.792712  0.588369  0.139553
15.820000  0.812807  0.601781  0.146060
15.830000  0.830267  0.613229  0.151176
15.840000  0.843500  0.621669  0.154439
15.850000  0.851308  0.626331  0.155556
15.860000  0.852990  0.626795  0.154430
15.870000  0.848406  0.623023  0.151171
15.880000  0.837987  0.615363  0.146080
15.890000  0.822694  0.604516  0.139626
15.900000  0.803924  0.591469  0.132397
15.910000  0.783387  0.577404  0.125051
15.920000  0.762945  0.563592  0.118252
15.930000  0.744443  0.551275  0.112614
15.940000  0.729541  0.541552  0.108639
15.950000  0.719566  0.535283  0.106678
15.960000  0.715387  0.533008  0.106897
15.970000  0.717346  0.534904  0.109263
15.980000  0.725222  0.540764  0.113546
15.990000  0.738259  0.550025  0.119344
16.000000  0.755234  0.561815  0.126120
16.010000  0.774570  0.575037  0.133249
16.020000  0.794484  0.588467  0.140078
16.030000  0.813147  0.600869  0.145981
16.040000  0.828853  0.611105  0.150423
16.050000  0.840173  0.618241  0.153002
16.060000  0.846081  0.621627  0.153489
16.070000  0.846051  0.620958  0.151843
16.080000  0.840097  0.616299  0.148222
16.090000  0.828773  0.608078  0.142959
16.100000  0.813120  0.597046  0.136536
16.110000  0.794567  0.584205  0.129540
16.120000  0.774799  0.570716  0.122605
16.130000  0.755608  0.557798  0.116358
16.140000  0.738721  0.546608  0.111362
16.150000  0.725651  0.538143  0.108060
16.160000  0.717555  0.533147  0.106742
16.170000  0.715134  0.532046  0.107516
16.180000  0.718569  0.534909  0.110298
16.190000  0.727506  0.541444  0.114821
16.200000  0.741094  0.551026  0.120663
16.210000  0.758062  0.562757  0.127284
16.220000  0.776837  0.575546  0.134073
16.230000  0.795689  0.588212  0.140408
16.240000  0.812888  0.599588  0.145711
16.250000  0.826863  0.608632  0.149501
16.260000  0.836342  0.614519  0.151436
16.270000  0.840470  0.616713  0.151344
16.280000  0.838880  0.615017  0.149239
16.290000  0.831728  0.609589  0.145318
16.300000  0.819676  0.600927  0.139942
16.310000  0.803828  0.589819  0.133603
16.320000  0.785628  0.577273  0.126878
16.330000  0.766728  0.564424  0.120376
16.340000  0.748837  0.552427  0.114685
16.350000  0.733564  0.542357  0.110315
16.360000  0.722271  0.535108  0.107654
16.370000  0.715955  0.531313  0.106933
16.380000  0.715153  0.531289  0.108205
16.390000  0.719901  0.535007  0.111341
16.400000  0.729726  0.542099  0.116044
16.410000  0.743699  0.551891  0.121877
16.420000  0.760515  0.563467  0.128298
16.430000  0.778618  0.575752  0.134719
16.440000  0.796341  0.587612  0.140551
16.450000  0.812060  0.597957  0.145262
16.460000  0.824338  0.605838  0.148426
16.470000  0.832060  0.610536  0.149757
16.480000  0.834530  0.611625  0.149140
16.490000  0.831532  0.609007  0.146635
16.500000  0.823350  0.602925  0.142474
16.510000  0.810736  0.593934  0.137041
16.520000  0.794844  0.582850  0.130831
16.530000  0.777120  0.570679  0.124410
16.540000  0.759169  0.558519  0.118358
16.550000  0.742613  0.547462  0.113221
16.560000  0.728937  0.538497  0.109458
16.570000  0.719357  0.532416  0.107403
16.580000  0.714714  0.529746  0.107230
16.590000  0.715392  0.530701  0.108944
16.600000  0.721293  0.535164  0.112376
16.610000  0.731842  0.542702  0.117203
16.620000  0.746045  0.552601  0.122976
16.630000  0.762578  0.563936  0.129162
16.640000  0.779914  0.575656  0.135193
16.650000  0.796457  0.586681  0.140517
16.660000  0.810692  0.595997  0.144649
16.670000  0.821319  0.602750  0.147215
16.680000  0.827375  0.606325  0.147985
16.690000  0.828314  0.606397  0.146894
16.700000  0.824059  0.602962  0.144045
16.710000  0.815006  0.596335  0.139702
16.720000  0.801987  0.587119  0.134263
16.730000  0.786189  0.576151  0.128224
16.740000  0.769047  0.564424  0.122133
16.750000  0.752113  0.552994  0.116542
16.760000  0.736912  0.542886  0.111952
16.770000  0.724805  0.535001  0.108775
16.780000  0.716865  0.530034  0.107288
16.790000  0.713783  0.528409  0.107616
16.800000  0.715801  0.530246  0.109717
16.810000  0.722701  0.535349  0.113389
16.820000  0.733817  0.543227  0.118287
16.830000  0.748107  0.553137  0.123957
16.840000  0.764241  0.564155  0.129875
16.850000  0.780729  0.575261  0.135499
16.860000  0.796056  0.585430  0.140315
16.870000  0.808817  0.593729  0.143884
16.880000  0.817851  0.599397  0.145884
16.890000  0.822336  0.601918  0.146137
16.900000  0.821871  0.601063  0.144623
16.910000  0.816507  0.596911  0.141486
16.920000  0.806738  0.589843  0.137013
16.930000  0.793460  0.580500  0.131614
16.940000  0.777880  0.569730  0.125781
16.950000  0.761414  0.558505  0.120043
16.960000  0.745547  0.547836  0.114919
16.970000  0.731708  0.538677  0.110867
16.980000  0.721132  0.531843  0.108248
16.990000  0.714751  0.527930  0.107291
17.000000  0.713114  0.527269  0.108072
17.010000  0.716334  0.529893  0.110508
17.020000  0.724083  0.535534  0.114367
17.030000  0.735620  0.543653  0.119288
17.040000  0.749866  0.553488  0.124814
17.050000  0.765497  0.564122  0.130438
17.060000  0.781072  0.574572  0.135644
17.070000  0.795160  0.583875  0.139955
17.080000  0.806470  0.591176  0.142982
17.090000  0.813974  0.595807  0.144449
17.100000  0.816990  0.597346  0.144228
17.110000  0.815251  0.595653  0.142343
17.120000  0.808920  0.590883  0.138968
17.130000  0.798582  0.583472  0.134415
17.140000  0.785178  0.574092  0.129099
17.150000  0.769930  0.563592  0.123504
17.160000  0.754217  0.552920  0.118136
17.170000  0.739457  0.543033  0.113479
17.180000  0.726974  0.534815  0.109951
17.190000  0.717880  0.528993  0.107863
17.200000  0.712972  0.526073  0.107396
17.210000  0.712664  0.526295  0.108582
17.220000  0.716949  0.529611  0.111302
17.230000  0.725403  0.535692  0.115297
17.240000  0.737224  0.543961  0.120197
17.250000  0.751306  0.553642  0.125546
17.260000  0.766346  0.563835  0.130854
17.270000  0.780955  0.573598  0.135634
17.280000  0.793793  0.582032  0.139450
17.290000  0.803686  0.588361  0.141955
17.300000  0.809731  0.592007  0.142925
17.310000  0.811383  0.592638  0.142275
17.320000  0.808497  0.590195  0.140067
17.330000  0.801340  0.584903  0.136505
17.340000  0.790569  0.577242  0.131917
17.350000  0.777165  0.567907  0.126721
17.360000  0.762346  0.557741  0.121389
17.370000  0.747452  0.547661  0.116403
17.380000  0.733823  0.538570  0.112212
17.390000  0.722680  0.531278  0.109190
17.400000  0.715011  0.526426  0.107604
17.410000  0.711484  0.524434  0.107587
17.420000  0.712388  0.525455  0.109131
17.430000  0.717605  0.529372  0.112086
17.440000  0.726628  0.535801  0.116172
17.450000  0.738604  0.544135  0.121009
17.460000  0.752418  0.553593  0.126151
17.470000  0.766789  0.563297  0.131126
17.480000  0.780394  0.572350  0.135477
17.490000  0.791984  0.579919  0.138809
17.500000  0.800499  0.585309  0.140819
17.510000  0.805165  0.588026  0.141327
17.520000  0.805559  0.587823  0.140291
17.530000  0.801651  0.584718  0.137807
17.540000  0.793801  0.578993  0.134106
17.550000  0.782727  0.571169  0.129525
17.560000  0.769436  0.561953  0.124483
17.570000  0.755134  0.552178  0.119436
17.580000  0.741110  0.542722  0.114840
17.590000  0.728626  0.534431  0.111108
17.600000  0.718797  0.528042  0.108572
17.610000  0.712490  0.524114  0.107455
17.620000  0.710249  0.522982  0.107848
17.630000  0.712245  0.524722  0.109705
17.640000  0.718265  0.529151  0.112848
17.650000  0.727728  0.535842  0.116981
17.660000  0.739743  0.544162  0.121721
17.670000  0.753192  0.553334  0.126630
17.680000  0.766831  0.562509  0.131258
17.690000  0.779404  0.570838  0.135182
17.700000  0.789758  0.577554  0.138044
17.710000  0.796946  0.582042  0.139586
17.720000  0.800314  0.583889  0.139669
17.730000  0.799559  0.582928  0.138290
17.740000  0.794754  0.579245  0.135577
17.750000  0.786339  0.573174  0.131779
17.760000  0.775082  0.565267  0.127244
17.770000  0.762005  0.556237  0.122384
17.780000  0.748293  0.546899  0.117639
17.790000  0.735180  0.538091  0.113437
17.800000  0.723844  0.530598  0.110155
17.810000  0.715292  0.525085  0.108083
17.820000  0.710277  0.522030  0.107402
17.830000  0.709225  0.521690  0.108164
17.840000  0.712199  0.524068  0.110290
17.850000  0.718897  0.528925  0.113577
17.860000  0.728678  0.535795  0.117718
17.870000  0.740625  0.544031  0.122328
17.880000  0.753627  0.552865  0.126983
17.890000  0.766482  0.561478  0.131257
17.900000  0.778007  0.569076  0.134758
17.910000  0.787145  0.574958  0.137168
17.920000  0.793062  0.578584  0.138270
17.930000  0.795219  0.579623  0.137965
17.940000  0.793423  0.577979  0.136286
17.950000  0.787840  0.573799  0.133386
17.960000  0.778981  0.567465  0.129533
17.970000  0.767652  0.559548  0.125077
17.980000  0.754881  0.550763  0.120424
17.990000  0.741822  0.541902  0.115994
18.000000  0.729649  0.533757  0.112186
18.010000  0.719452  0.527054  0.109341
18.020000  0.712136  0.522383  0.107709
18.030000  0.708338  0.520149  0.107431
18.040000  0.708376  0.520531  0.108523
18.050000  0.712213  0.523469  0.110875
18.060000  0.719469  0.528673  0.114265
18.070000  0.729456  0.535646  0.118377
18.080000  0.741237  0.543734  0.122830
18.090000  0.753720  0.552184  0.127214
18.100000  0.765750  0.560212  0.131127
18.110000  0.776222  0.567077  0.134213
18.120000  0.784175  0.572148  0.136191
18.130000  0.788883  0.574959  0.136883
18.140000  0.789918  0.575252  0.136228
18.150000  0.787188  0.572998  0.134288
18.160000  0.780944  0.568402  0.131244
18.170000  0.771754  0.561880  0.127372
18.180000  0.760455  0.554021  0.123027
18.190000  0.748070  0.545533  0.118601
18.200000  0.735715  0.537180  0.114496
18.210000  0.724500  0.529707  0.111079
18.220000  0.715426  0.523779  0.108656
18.230000  0.709295  0.519915  0.107438
18.240000  0.706637  0.518445  0.107529
18.250000  0.707665  0.519480  0.108911
18.260000  0.712254  0.522901  0.111448
18.270000  0.719956  0.528376  0.114903
18.280000  0.730043  0.535383  0.118953
18.290000  0.741572  0.543266  0.123225
18.300000  0.753474  0.551293  0.127324
18.310000  0.764650  0.558718  0.130877
18.320000  0.774073  0.564858  0.133558
18.330000  0.780878  0.569147  0.135125
18.340000  0.784444  0.571190  0.135438
18.350000  0.784447  0.570800  0.134469
18.360000  0.780889  0.568010  0.132309
18.370000  0.774094  0.563072  0.129158
18.380000  0.764681  0.556434  0.125303
18.390000  0.753504  0.548693  0.121094
18.400000  0.741574  0.540547  0.116914
18.410000  0.729964  0.532726  0.113139
18.420000  0.719715  0.525928  0.110107
18.430000  0.711740  0.520754  0.108087
18.440000  0.706739  0.517656  0.107257
18.450000  0.705140  0.516893  0.107682
18.460000  0.707060  0.518513  0.109316
18.470000  0.712292  0.522345  0.112001
18.480000  0.720333  0.528017  0.115485
18.490000  0.730425  0.534995  0.119445
18.500000  0.741625  0.542624  0.123514
18.510000  0.752896  0.550195  0.127319
18.520000  0.763197  0.557008  0.130513
18.530000  0.771583  0.562434  0.132803
18.540000  0.777283  0.565972  0.133982
18.550000  0.779778  0.567298  0.133946
18.560000  0.778841  0.566289  0.132699
18.570000  0.774557  0.563033  0.130358
18.580000  0.767318  0.557826  0.127136
18.590000  0.757781  0.551137  0.123328
18.600000  0.746809  0.543568  0.119280
18.610000  0.735393  0.535802  0.115358
18.620000  0.724559  0.528531  0.111915
18.630000  0.715276  0.522404  0.109259
18.640000  0.708368  0.517961  0.107625
18.650000  0.704437  0.515585  0.107153
18.660000  0.703815  0.515472  0.107880
18.670000  0.706528  0.517609  0.109729
18.680000  0.712301  0.521780  0.112525
18.690000  0.720581  0.527584  0.116005
18.700000  0.730589  0.534473  0.119848
18.710000  0.741392  0.541804  0.123699
18.720000  0.751991  0.548896  0.127203
18.730000  0.761408  0.555092  0.130042
18.740000  0.768776  0.559820  0.131956
18.750000  0.773422  0.562645  0.132773
18.760000  0.774919  0.563306  0.132419
18.770000  0.773132  0.561740  0.130930
18.780000  0.768224  0.558087  0.128442
18.790000  0.760640  0.552677  0.125183
18.800000  0.751069  0.545998  0.121451
18.810000  0.740376  0.538650  0.117583
18.820000  0.729525  0.531294  0.113929
18.830000  0.719489  0.524586  0.110818
18.840000  0.711163  0.519121  0.108526
18.850000  0.705283  0.515378  0.107256
18.860000  0.702359  0.513679  0.107116
18.870000  0.702629  0.514157  0.108109
18.880000  0.706040  0.516746  0.110139
18.890000  0.712255  0.521190  0.113011
18.900000  0.720680  0.527063  0.116459
18.910000  0.730526  0.533813  0.120162
18.920000  0.740875  0.540809  0.123781
18.930000  0.750771  0.547403  0.126982
18.940000  0.759300  0.552983  0.129473
18.950000  0.765679  0.557035  0.131028
18.960000  0.769323  0.559185  0.131507
18.970000  0.769898  0.559233  0.130868
18.980000  0.767351  0.557173  0.129170
18.990000  0.761915  0.553188  0.126570
19.000000  0.754081  0.547639  0.123305
19.010000  0.744560  0.541025  0.119673
19.020000  0.734211  0.533940  0.116002
19.030000  0.723964  0.527019  0.112623
19.040000  0.714738  0.520878  0.109840
19.050000  0.707353  0.516061  0.107899
19.060000  0.702458  0.512988  0.106971
19.070000  0.700474  0.511919  0.107133
19.080000  0.701553  0.512929  0.108361
19.090000  0.705571  0.515907  0.110537
19.100000  0.712133  0.520559  0.113455
19.110000  0.720617  0.526444  0.116843
19.120000  0.730230  0.533008  0.120388
19.130000  0.740076  0.539639  0.123763
19.140000  0.749246  0.545722  0.126660
19.150000  0.756894  0.550694  0.128814
19.160000  0.762316  0.554095  0.130029
19.170000  0.765016  0.555610  0.130196
19.180000  0.764745  0.555099  0.129301
19.190000  0.761527  0.552606  0.127428
19.200000  0.755655  0.548352  0.124748
19.210000  0.747659  0.542723  0.121505
19.220000  0.738263  0.536223  0.117995
19.230000  0.728313  0.529436  0.114534
19.240000  0.718704  0.522969  0.111434
19.250000  0.710293  0.517396  0.108973
19.260000  0.703826  0.513209  0.107368
19.270000  0.699868  0.510771  0.106759
19.280000  0.698755  0.510283  0.107194
19.290000  0.700561  0.511769  0.108626
19.300000  0.705094  0.515073  0.110916
19.310000  0.711915  0.519875  0.113849
19.320000  0.720380  0.525720  0.117154
19.330000  0.729697  0.532058  0.120524
19.340000  0.739001  0.538299  0.123650
19.350000  0.747430  0.543864  0.126245
19.360000  0.754209  0.548238  0.128073
19.370000  0.758713  0.551015  0.128968
19.380000  0.760529  0.551940  0.128849
19.390000  0.759489  0.550924  0.127730
19.400000  0.755686  0.548055  0.125712
19.410000  0.749466  0.543593  0.122981
19.420000  0.741389  0.537936  0.119786
19.430000  0.732186  0.531595  0.116416
19.440000  0.722684  0.525136  0.113176
19.450000  0.713734  0.519136  0.110356
19.460000  0.706135  0.514127  0.108209
19.470000  0.700558  0.510549  0.106924
19.480000  0.697486  0.508708  0.106610
19.490000  0.697175  0.508752  0.107290
19.500000  0.699625  0.510657  0.108894
19.510000  0.704587  0.514230  0.111268
19.520000  0.711585  0.519127  0.114191
19.530000  0.719959  0.524883  0.117392
19.540000  0.728927  0.530960  0.120574
19.550000  0.737655  0.536792  0.123445
19.560000  0.745338  0.541837  0.125743
19.570000  0.751266  0.545628  0.127259
19.580000  0.754895  0.547815  0.127854
19.590000  0.755889  0.548192  0.127476
19.600000  0.754157  0.546723  0.126161
19.610000  0.749853  0.543537  0.124029
19.620000  0.743367  0.538920  0.121275
19.630000  0.735285  0.533287  0.118150
19.640000  0.726334  0.527143  0.114937
19.650000  0.717318  0.521037  0.111924
19.660000  0.709045  0.515513  0.109383
19.670000  0.702249  0.511059  0.107540
19.680000  0.697528  0.508063  0.106556
19.690000  0.695288  0.506780  0.106514
19.700000  0.695707  0.507308  0.107411
19.710000  0.698721  0.509578  0.109157
19.720000  0.704031  0.513364  0.111588
19.730000  0.711129  0.518303  0.114477
19.740000  0.719347  0.523929  0.117554
19.750000  0.727919  0.529716  0.120538
19.760000  0.736049  0.535125  0.123153
19.770000  0.742985  0.539653  0.125161
19.780000  0.748087  0.542880  0.126379
19.790000  0.750886  0.544508  0.126696
19.800000  0.751123  0.544383  0.126085
19.810000  0.748774  0.542514  0.124603
19.820000  0.744049  0.539065  0.122385
19.830000  0.737376  0.534346  0.119634
19.840000  0.729355  0.528781  0.116599
19.850000  0.720709  0.522868  0.113555
19.860000  0.712213  0.517134  0.110775
19.870000  0.704624  0.512089  0.108510
19.880000  0.698616  0.508177  0.106958
19.890000  0.694713  0.505736  0.106257
19.900000  0.693247  0.504972  0.106462
19.910000  0.694327  0.505934  0.107548
19.920000  0.697828  0.508515  0.109410
19.930000  0.703408  0.512461  0.111871
19.940000  0.710535  0.517397  0.114703
19.950000  0.718541  0.522856  0.117642
19.960000  0.726678  0.528328  0.120419
19.970000  0.734192  0.533304  0.122779
19.980000  0.740387  0.537322  0.124505
19.990000  0.744693  0.540008  0.125441
20.000000  0.746712  0.541112  0.125503
