0.066926 0.000000
2.476245 0.004076
4.952490 0.067082
7.428734 0.249253
9.904979 0.507329
12.381224 0.745827
14.857469 0.903485
17.333713 0.978605
19.809958 1.003706
22.286203 1.011882
24.762448 1.019977
27.238693 1.029476
29.714937 1.034999
32.191182 1.031641
34.667427 1.018071
37.143672 0.996295
39.619917 0.970157
42.096161 0.943928
44.572406 0.921430
47.048651 0.905574
49.524896 0.898121
52.001140 0.899581
54.477385 0.909230
56.953630 0.925281
59.429875 0.945193
61.906120 0.966069
64.382364 0.985086
66.858609 0.999885
69.334854 1.008867
71.811099 1.011366
74.287343 1.007670
76.763588 0.998923
79.239833 0.986895
81.716078 0.973699
84.192323 0.961465
86.668567 0.952037
89.144812 0.946732
91.621057 0.946185
94.097302 0.950300
96.573546 0.958308
99.049791 0.968920
101.526036 0.980538
104.002281 0.991504
106.478526 1.000338
108.954770 1.005942
111.431015 1.007738
113.907260 1.005717
116.383505 1.000415
118.859750 0.992806
121.335994 0.984136
123.812239 0.975734
126.288484 0.968814
128.764729 0.964307
131.240973 0.962740
133.717218 0.964183
136.193463 0.968257
138.669708 0.974214
141.145953 0.981062
143.622197 0.987718
146.098442 0.993173
148.574687 0.996634
151.050932 0.997626
153.527176 0.996051
156.003421 0.992184
158.479666 0.986619
160.955911 0.980166
163.432156 0.973724
165.908400 0.968153
168.384645 0.964141
170.860890 0.962121
173.337135 0.962210
175.813379 0.964211
178.289624 0.967651
180.765869 0.971861
183.242114 0.976085
185.718359 0.979588
188.194603 0.981767
190.670848 0.982234
193.147093 0.980861
195.623338 0.977794
198.099583 0.973418
